 0.000 100.00  26.400  20.000  26.400 100.000
 0.010 100.00  37.152  26.400  37.152 100.000
 0.020 100.00  45.487  37.152  45.487 100.000
 0.030 100.00  52.876  45.487  52.876 100.000
 0.040 100.00  59.233  52.876  59.233 100.000
 0.050 100.00  64.739  59.233  64.739 100.000
 0.060 100.00  69.500  64.739  69.500 100.000
 0.070 100.00  73.618  69.500  73.618 100.000
 0.080 100.00  77.180  73.618  77.180 100.000
 0.090 100.00  80.261  77.180  80.261 100.000
 0.100 100.00  82.927  80.261  82.927 100.000
 0.110 100.00  85.232  82.927  85.232 100.000
 0.120 100.00  87.226  85.232  87.226 100.000
 0.130 100.00  88.951  87.226  88.951 100.000
 0.140 100.00  90.443  88.951  90.443 100.000
 0.150 100.00  91.733  90.443  91.733 100.000
 0.160 100.00  92.849  91.733  92.849 100.000
 0.170 100.00  93.815  92.849  93.815 100.000
 0.180 100.00  94.650  93.815  94.650 100.000
 0.190 100.00  95.372  94.650  95.372 100.000
 0.200 100.00  95.997  95.372  95.997 100.000
 0.210 100.00  96.538  95.997  96.538 100.000
 0.220 100.00  97.005  96.538  97.005 100.000
 0.230 100.00  97.410  97.005  97.410 100.000
 0.240 100.00  97.759  97.410  97.759 100.000
 0.250 100.00  98.062  97.759  98.062 100.000
 0.260 100.00  98.324  98.062  98.324 100.000
 0.270 100.00  98.550  98.324  98.550 100.000
 0.280 100.00  98.746  98.550  98.746 100.000
 0.290 100.00  98.915  98.746  98.915 100.000
 0.300 100.00  99.062  98.915  99.062 100.000
 0.310 100.00  99.188  99.062  99.188 100.000
 0.320 100.00  99.298  99.188  99.298 100.000
 0.330 100.00  99.393  99.298  99.393 100.000
 0.340 100.00  99.475  99.393  99.475 100.000
 0.350 100.00  99.546  99.475  99.546 100.000
 0.360 100.00  99.607  99.546  99.607 100.000
 0.370 100.00  99.660  99.607  99.660 100.000
 0.380 100.00  99.706  99.660  99.706 100.000
 0.390 100.00  99.746  99.706  99.746 100.000
 0.400 100.00  99.780  99.746  99.780 100.000
 0.410 100.00  99.810  99.780  99.810 100.000
 0.420 100.00  99.835  99.810  99.835 100.000
 0.430 100.00  99.858  99.835  99.858 100.000
 0.440 100.00  99.877  99.858  99.877 100.000
 0.450 100.00  99.893  99.877  99.893 100.000
 0.460 100.00  99.908  99.893  99.908 100.000
 0.470 100.00  99.920  99.908  99.920 100.000
 0.480 100.00  99.931  99.920  99.931 100.000
 0.490 100.00  99.940  99.931  99.940 100.000
 0.500 100.00  99.948  99.940  99.948 100.000
 0.510 100.00  99.955  99.948  99.955 100.000
 0.520 100.00  99.961  99.955  99.961 100.000
 0.530 100.00  99.967  99.961  99.967 100.000
 0.540 100.00  99.971  99.967  99.971 100.000
 0.550 100.00  99.975  99.971  99.975 100.000
 0.560 100.00  99.978  99.975  99.978 100.000
 0.570 100.00  99.981  99.978  99.981 100.000
 0.580 100.00  99.984  99.981  99.984 100.000
 0.590 100.00  99.986  99.984  99.986 100.000
 0.600 100.00  99.988  99.986  99.988 100.000
 0.610 100.00  99.990  99.988  99.990 100.000
 0.620 100.00  99.991  99.990  99.991 100.000
 0.630 100.00  99.992  99.991  99.992 100.000
 0.640 100.00  99.993  99.992  99.993 100.000
 0.650 100.00  99.994  99.993  99.994 100.000
 0.660 100.00  99.995  99.994  99.995 100.000
 0.670 100.00  99.996  99.995  99.996 100.000
 0.680 100.00  99.996  99.996  99.996 100.000
 0.690 100.00  99.997  99.996  99.997 100.000
 0.700 100.00  99.997  99.997  99.997 100.000
 0.710 100.00  99.998  99.997  99.998 100.000
 0.720 100.00  99.998  99.998  99.998 100.000
 0.730 100.00  99.998  99.998  99.998 100.000
 0.740 100.00  99.998  99.998  99.998 100.000
 0.750 100.00  99.999  99.998  99.999 100.000
 0.760 100.00  99.999  99.999  99.999 100.000
 0.770 100.00  99.999  99.999  99.999 100.000
 0.780 100.00  99.999  99.999  99.999 100.000
 0.790 100.00  99.999  99.999  99.999 100.000
 0.800 100.00  99.999  99.999  99.999 100.000
 0.810 100.00  99.999  99.999  99.999 100.000
 0.820 100.00 100.000  99.999 100.000 100.000
 0.830 100.00 100.000 100.000 100.000 100.000
 0.840 100.00 100.000 100.000 100.000 100.000
 0.850 100.00 100.000 100.000 100.000 100.000
 0.860 100.00 100.000 100.000 100.000 100.000
 0.870 100.00 100.000 100.000 100.000 100.000
 0.880 100.00 100.000 100.000 100.000 100.000
 0.890 100.00 100.000 100.000 100.000 100.000
 0.900 100.00 100.000 100.000 100.000 100.000
 0.910 100.00 100.000 100.000 100.000 100.000
 0.920 100.00 100.000 100.000 100.000 100.000
 0.930 100.00 100.000 100.000 100.000 100.000
 0.940 100.00 100.000 100.000 100.000 100.000
 0.950 100.00 100.000 100.000 100.000 100.000
 0.960 100.00 100.000 100.000 100.000 100.000
 0.970 100.00 100.000 100.000 100.000 100.000
 0.980 100.00 100.000 100.000 100.000 100.000
 0.990 100.00 100.000 100.000 100.000 100.000
